((I076-4:0.00000,((((((P076-10:0.00292,P076-6:0.00278):0.00039,
((P076-2:0.00097,P076-3:0.00343):0.00059,(((P076-7:0.00000,
P076-8:0.00000):0.00000,P076-1:0.00000):0.00000,P076-5:0.00000):0.00006):0.00024):0.00033,
P076-4:0.00144):0.00029,P076-9:0.00384):0.00720,((((CW076-4:0.00609,
CW076-7:0.00161):0.00082,CW076-5:0.00148):0.00038,(((CW076-1:-0.00000,
(CW076-3:0.00360,CW076-2:0.00200):0.00000):0.00000,CW076-10:-0.00000):0.00000,
CW076-8:-0.00000):0.00010):0.00289,(M076-8:0.00400,((((M076-9:0.00000,
M076-4:0.00000):0.00000,M076-5:0.00000):0.00000,M076-3:0.00000):0.00003,
(M076-10:0.00303,(M076-2:0.00000,(M076-6:0.00000,(M076-1:0.00000,
M076-7:0.00000):0.00000):0.00000):0.00007):0.00193):0.00060):0.00171):0.00183):0.00167,
((((((I076-9:0.00151,I076-8:-0.00001):0.00001,I076-7:-0.00001):0.00004,
I076-3:0.00188):0.00166,I076-2:0.00003):0.00003,I076-6:0.00167):0.00135,
I076-5:0.00004):0.00153):0.00018):0.00000,I076-10:0.00000,I076-1:0.00000);
