(((((((I082-3:-0.00001,I082-6:0.00391):0.00001,I082-9:-0.00001):0.00000,
I082-10:-0.00000):0.00000,I082-8:-0.00000):0.00000,I082-5:-0.00000):0.00000,
I082-4:-0.00000):0.00000,((((((M082-9:-0.00016,(M082-5:0.00480,
M082-4:0.00200):0.00181):0.00008,M082-6:-0.00008):0.00004,
M082-12:-0.00004):0.00817,CW082-5:0.00003):0.00115,((CW082-7:-0.00058,
((CW082-8:0.01528,M082-11:0.00092):0.00658,M082-8:0.02957):0.01278):0.00196,
(((CW082-4:0.00530,CW082-9:-0.00010):0.00005,CW082-6:-0.00005):0.00004,
CW082-1:0.00186):0.00068):0.00252):0.00658,(((((((((((M082-7:0.00386,
((M082-10:0.00103,M082-1:0.00947):0.01254,M082-2:-0.00059):0.00884):0.01419,
(CW082-3:-0.00186,M082-3:0.00756):0.04286):0.03153,CW082-10:0.01434):0.00364,
P082-5:-0.00013):0.00029,P082-1:0.00378):0.00125,P082-8:-0.00035):0.00019,
P082-3:-0.00019):0.00010,P082-4:-0.00010):0.00006,P082-6:-0.00006):0.00007,
P082-2:0.00162):0.00065,P082-7:0.00482):0.00243):0.00456,I082-1:0.00180);
